2
N 2 47 0
N 2 20 1
N 47 185 0
N 47 119 1
N 20 122 0
N 20 170 1
N 185 146 0
N 185 173 1
N 119 176 0
N 119 149 1
N 122 191 0
N 122 188 1
N 170 11 0
N 170 98 1
N 146 167 0
N 146 164 1
N 173 41 0
N 173 38 1
N 176 8 0
N 176 182 1
N 149 143 0
N 149 23 1
N 191 14 0
N 191 179 1
N 188 74 0
N 188 50 1
N 11 116 0
N 11 161 1
N 98 140 0
N 98 17 1
L 167 0 0
L 167 90 1
L 164 270 0
L 164 180 1
L 41 180 0
L 41 90 1
L 38 180 0
L 38 180 1
L 8 90 0
L 8 0 1
L 182 90 0
L 182 180 1
L 143 90 0
L 143 90 1
L 23 180 0
L 23 90 1
L 14 270 0
L 14 0 1
L 179 90 0
L 179 180 1
L 74 270 0
L 74 270 1
L 50 180 0
L 50 270 1
L 116 0 0
L 116 90 1
L 161 0 0
L 161 0 1
L 140 0 0
L 140 180 1
L 17 270 0
L 17 270 1
